Tp=0.85-0.57;
tpic=0.57;