<?xml version="1.0" encoding="UTF-8" standalone="no" ?>
<SimMechanicsImportXML version="1.0" xmlns="urn:mathworks:simmechanics:import" xmlns:xsi="http://www.w3.org/2001/XMLSchema-instance">
<Created by="" on="04/02/15||14:54:38" using="SimMechanics Link Version 4.5" from="SolidWorks 22.2.0"/>
<ModelUnits mass="kilogram" length="millimeter"/>
<DataUnits mass="kilogram" length="meter"/>
<RootAssembly name="Tibia_gauche" uid="Tibia_gauche" version="945">
<AssemblyFile name="Tibia_gauche.sldasm" type="SolidWorks Assembly"/>
<InstanceTree>
<Instance name="Tibia-1" uid="Tibia-1" entityUid="Tibia" rigid="true">
<Transform>
<Rotation>0.97814760073380513 0.20791169081776256 0 -0.20791169081776267 0.97814760073380502 0 0 1.1102230246251565e-016 1</Rotation>
<Translation>0.0076869398046446637 0.08884447373612557 -0.0057428045130636807</Translation>
</Transform>
<Instance name="ALD_M010046__P_boitier_tibia_elec_gauche_ALD_M010046__PAxx_boitier_elec_gauche-1" uid="ALD_M010046__P_boitier_tibia_elec_gauche_ALD_M010046__PAxx_boitier_elec_gauche-1" grounded="true" entityUid="ALD_M010046__P_boitier_tibia_elec_gauche_ALD_M010046__PAxx_boitier_elec_gauche*:*Default">
<Transform>
<Rotation>5.7454041524351835e-015 1 0 -1 5.7454041524351835e-015 0 0 0 1</Rotation>
<Translation>0.0028538051849544555 0.0097275185716916845 0.00523528852492499</Translation>
</Transform>
<VisualProperties>
<Ambient r="1" g="1" b="1" a="1"/>
<Diffuse r="1" g="1" b="1" a="1"/>
<Specular r="0.69999998807907104" g="0.69999998807907104" b="0.69999998807907104" a="1"/>
<Emissive r="0.29999999999999999" g="0.29999999999999999" b="0.29999999999999999" a="1"/>
<Shininess>0.10000000149011612</Shininess>
</VisualProperties>
</Instance>
<Instance name="ALD_M010044__P_boitier_tibia_meca_gauche_ALD_M010044__PAxx_boitier_tibia_meca_gauche-1" uid="ALD_M010044__P_boitier_tibia_meca_gauche_ALD_M010044__PAxx_boitier_tibia_meca_gauche-1" entityUid="ALD_M010044__P_boitier_tibia_meca_gauche_ALD_M010044__PAxx_boitier_tibia_meca_gauche*:*Default">
<Transform>
<Rotation>5.6621374255882968e-015 1 0 -1 5.6621374255882968e-015 -1.1392991241113341e-016 -1.1392991241113354e-016 0 1</Rotation>
<Translation>0.0028538051849544641 0.0097275185716916845 0.0052352885249249909</Translation>
</Transform>
<VisualProperties>
<Ambient r="1" g="1" b="1" a="1"/>
<Diffuse r="1" g="1" b="1" a="1"/>
<Specular r="0.69999998807907104" g="0.69999998807907104" b="0.69999998807907104" a="1"/>
<Emissive r="0.29999999999999999" g="0.29999999999999999" b="0.29999999999999999" a="1"/>
<Shininess>0.10000000149011612</Shininess>
</VisualProperties>
</Instance>
<Instance name="ALD_M010048__P_couvercle_tibia_meca_gauche_Axx-1" uid="ALD_M010048__P_couvercle_tibia_meca_gauche_Axx-1" entityUid="ALD_M010048__P_couvercle_tibia_meca_gauche_Axx*:*Default">
<Transform>
<Rotation>1.0352829704629585e-014 1 0 -1 1.0241807402167069e-014 0 -1.208218792981659e-016 0 1</Rotation>
<Translation>0.0028538051849545058 0.0097275185716917539 -0.012464711475075016</Translation>
</Transform>
<VisualProperties>
<Ambient r="1" g="1" b="1" a="1"/>
<Diffuse r="1" g="1" b="1" a="1"/>
<Specular r="0.69999998807907104" g="0.69999998807907104" b="0.69999998807907104" a="1"/>
<Emissive r="0.29999999999999999" g="0.29999999999999999" b="0.29999999999999999" a="1"/>
<Shininess>0.10000000149011612</Shininess>
</VisualProperties>
</Instance>
<Instance name="ALD_M010050__P_couvercle_tibia_elec_gauche_Axx-1" uid="ALD_M010050__P_couvercle_tibia_elec_gauche_Axx-1" entityUid="ALD_M010050__P_couvercle_tibia_elec_gauche_Axx*:*Default">
<Transform>
<Rotation>-0.010504662706131179 0.99994482450854794 0 -0.99994482450854782 -0.010504662706131263 -1.0759907709491798e-016 -2.1986512214623237e-016 0 1</Rotation>
<Translation>0.0032066842548334534 0.0096772221447677803 0.024535288524924988</Translation>
</Transform>
<VisualProperties>
<Ambient r="1" g="1" b="1" a="1"/>
<Diffuse r="1" g="1" b="1" a="1"/>
<Specular r="0.69999998807907104" g="0.69999998807907104" b="0.69999998807907104" a="1"/>
<Emissive r="0.29999999999999999" g="0.29999999999999999" b="0.29999999999999999" a="1"/>
<Shininess>0.10000000149011612</Shininess>
</VisualProperties>
</Instance>
<Instance name="ALD_E000183__P_Left_Tibia_Card_Default-1" uid="ALD_E000183__P_Left_Tibia_Card_Default-1" entityUid="ALD_E000183__P_Left_Tibia_Card_Default*:*Default">
<Transform>
<Rotation>-0.25073881740121151 0.96805477399176221 0 -0.96805477399176221 -0.25073881740121157 -1.4137590632461262e-016 -1.3353516149161218e-016 0 1</Rotation>
<Translation>-0.0045706552875565479 -0.075221858688208784 0.031335288524924933</Translation>
</Transform>
<VisualProperties>
<Ambient r="1" g="1" b="1" a="1"/>
<Diffuse r="1" g="1" b="1" a="1"/>
<Specular r="0.69999998807907104" g="0.69999998807907104" b="0.69999998807907104" a="1"/>
<Emissive r="0.29999999999999999" g="0.29999999999999999" b="0.29999999999999999" a="1"/>
<Shininess>0.10000000149011612</Shininess>
</VisualProperties>
</Instance>
<Instance name="STD_M700013__PZ99_KA22x5_KA22 x 6-1" uid="STD_M700013__PZ99_KA22x5_KA22 x 6-1" entityUid="STD_M700013__PZ99_KA22x5_KA22 x 6*:*Default">
<Transform>
<Rotation>0 -0.35404680430786645 -0.93522770508544462 2.0425767048711248e-016 0.93522770508544462 -0.35404680430786645 1 -1.5828424508140784e-016 1.588091137225839e-016</Rotation>
<Translation>-0.0016211803053146276 -0.014911806226377958 0.0017352885249249887</Translation>
</Transform>
<VisualProperties>
<Ambient r="1" g="1" b="1" a="1"/>
<Diffuse r="1" g="1" b="1" a="1"/>
<Specular r="0.69999998807907104" g="0.69999998807907104" b="0.69999998807907104" a="1"/>
<Emissive r="0.29999999999999999" g="0.29999999999999999" b="0.29999999999999999" a="1"/>
<Shininess>0.10000000149011612</Shininess>
</VisualProperties>
</Instance>
<Instance name="STD_M700013__PZ99_KA22x5_KA22 x 6-2" uid="STD_M700013__PZ99_KA22x5_KA22 x 6-2" entityUid="STD_M700013__PZ99_KA22x5_KA22 x 6*:*Default">
<Transform>
<Rotation>0 -0.94132084259767923 0.3375130683265391 2.0425767048711743e-016 -0.3375130683265391 -0.94132084259767923 1 1.5599548084169508e-016 1.6105789890382783e-016</Rotation>
<Translation>0.016963624108627666 -0.010961484100840371 0.0017352885249249852</Translation>
</Transform>
<VisualProperties>
<Ambient r="1" g="1" b="1" a="1"/>
<Diffuse r="1" g="1" b="1" a="1"/>
<Specular r="0.69999998807907104" g="0.69999998807907104" b="0.69999998807907104" a="1"/>
<Emissive r="0.29999999999999999" g="0.29999999999999999" b="0.29999999999999999" a="1"/>
<Shininess>0.10000000149011612</Shininess>
</VisualProperties>
</Instance>
<Instance name="STD_M710005__PZ99_Vis_M3x50_ISO 7045 - M3 x 50-1" uid="STD_M710005__PZ99_Vis_M3x50_ISO 7045 - M3 x 50-1" entityUid="STD_M710005__PZ99_Vis_M3x50_ISO 7045 - M3 x 50*:*Default">
<Transform>
<Rotation>-3.6348303338815161e-016 0.99800597194761409 0.063119568731877407 0 -0.063119568731877407 0.99800597194761409 1 3.6890522875550372e-016 0</Rotation>
<Translation>-0.001757632888916066 -0.023889315982537698 -0.020564711475075</Translation>
</Transform>
<VisualProperties>
<Ambient r="1" g="1" b="1" a="1"/>
<Diffuse r="1" g="1" b="1" a="1"/>
<Specular r="0.69999998807907104" g="0.69999998807907104" b="0.69999998807907104" a="1"/>
<Emissive r="0.29999999999999999" g="0.29999999999999999" b="0.29999999999999999" a="1"/>
<Shininess>0.10000000149011612</Shininess>
</VisualProperties>
</Instance>
<Instance name="STD_M710002__P_ecrou_M3-1" uid="STD_M710002__P_ecrou_M3-1" entityUid="STD_M710002__P_ecrou_M3*:*Default">
<Transform>
<Rotation>0.73422098704640304 0.67891055536101819 0 -0.67891055536101808 0.73422098704640271 0 0 0 1</Rotation>
<Translation>0.025832367706575449 -0.043066173575500397 0.029935288524924969</Translation>
</Transform>
<VisualProperties>
<Ambient r="1" g="1" b="1" a="1"/>
<Diffuse r="1" g="1" b="1" a="1"/>
<Specular r="0.69999998807907104" g="0.69999998807907104" b="0.69999998807907104" a="1"/>
<Emissive r="0.29999999999999999" g="0.29999999999999999" b="0.29999999999999999" a="1"/>
<Shininess>0.10000000149011612</Shininess>
</VisualProperties>
</Instance>
<Instance name="STD_M710005__PZ99_Vis_M3x50_ISO 7045 - M3 x 50-2" uid="STD_M710005__PZ99_Vis_M3x50_ISO 7045 - M3 x 50-2" entityUid="STD_M710005__PZ99_Vis_M3x50_ISO 7045 - M3 x 50*:*Default">
<Transform>
<Rotation>-3.9455061621750249e-016 -0.3541692307425941 -0.93518134925542618 1.066976091435182e-016 0.93518134925542606 -0.35416923074259393 1 -1.2446027685560295e-016 -3.449207032055114e-016</Rotation>
<Translation>0.025832367706575467 -0.04306617357550041 -0.020564711475075013</Translation>
</Transform>
<VisualProperties>
<Ambient r="1" g="1" b="1" a="1"/>
<Diffuse r="1" g="1" b="1" a="1"/>
<Specular r="0.69999998807907104" g="0.69999998807907104" b="0.69999998807907104" a="1"/>
<Emissive r="0.29999999999999999" g="0.29999999999999999" b="0.29999999999999999" a="1"/>
<Shininess>0.10000000149011612</Shininess>
</VisualProperties>
</Instance>
<Instance name="STD_M710002__P_ecrou_M3-2" uid="STD_M710002__P_ecrou_M3-2" entityUid="STD_M710002__P_ecrou_M3*:*Default">
<Transform>
<Rotation>-0.84782664568366828 -0.53027349440527349 0 0.53027349440527349 -0.84782664568366828 -1.2086744824087619e-016 0 0 1</Rotation>
<Translation>-0.0017576328889162014 -0.023889315982537698 0.031435288524924984</Translation>
</Transform>
<VisualProperties>
<Ambient r="1" g="1" b="1" a="1"/>
<Diffuse r="1" g="1" b="1" a="1"/>
<Specular r="0.69999998807907104" g="0.69999998807907104" b="0.69999998807907104" a="1"/>
<Emissive r="0.29999999999999999" g="0.29999999999999999" b="0.29999999999999999" a="1"/>
<Shininess>0.10000000149011612</Shininess>
</VisualProperties>
</Instance>
<Instance name="STD_M700003__PZ99_KA22x6_KA22 x 6-1" uid="STD_M700003__PZ99_KA22x6_KA22 x 6-1" entityUid="STD_M700003__PZ99_KA22x6_KA22 x 6*:*Default">
<Transform>
<Rotation>-6.174593638769147e-016 0.89371861933600016 0.44862794100697034 6.5133685925284797e-016 0.44862794100697034 -0.89371861933600016 -1 -2.5962701611160913e-016 -8.5912140164567586e-016</Rotation>
<Translation>0.0021457133215133789 -0.091317205130629173 0.043085288524924568</Translation>
</Transform>
<VisualProperties>
<Ambient r="1" g="1" b="1" a="1"/>
<Diffuse r="1" g="1" b="1" a="1"/>
<Specular r="0.69999998807907104" g="0.69999998807907104" b="0.69999998807907104" a="1"/>
<Emissive r="0.29999999999999999" g="0.29999999999999999" b="0.29999999999999999" a="1"/>
<Shininess>0.10000000149011612</Shininess>
</VisualProperties>
</Instance>
<Instance name="STD_M700005__PZ99_KA22x12_Default-1" uid="STD_M700005__PZ99_KA22x12_Default-1" entityUid="STD_M700005__PZ99_KA22x12_Default*:*Default">
<Transform>
<Rotation>0 0.22029370716388785 0.97543358696735039 -1.124649796264821e-016 0.97543358696735016 -0.22029370716388796 -1 0 0</Rotation>
<Translation>0.014353805184955002 -0.074472481428308271 0.034035288524924975</Translation>
</Transform>
<VisualProperties>
<Ambient r="1" g="1" b="1" a="1"/>
<Diffuse r="1" g="1" b="1" a="1"/>
<Specular r="0.69999998807907104" g="0.69999998807907104" b="0.69999998807907104" a="1"/>
<Emissive r="0.29999999999999999" g="0.29999999999999999" b="0.29999999999999999" a="1"/>
<Shininess>0.10000000149011612</Shininess>
</VisualProperties>
</Instance>
<Instance name="STD_M700006__PZ99_KA18x6_Default-1" uid="STD_M700006__PZ99_KA18x6_Default-1" entityUid="STD_M700006__PZ99_KA18x6_Default*:*Default">
<Transform>
<Rotation>-3.5436954823076279e-016 0.60838780229447209 0.79363989442271787 2.919309864040356e-015 -0.79363989442271776 0.60838780229447198 1 2.4262397839822513e-015 -1.4485566526585995e-015</Rotation>
<Translation>-0.00088313142740175342 -0.076231090697440246 -0.03906471147507478</Translation>
</Transform>
<VisualProperties>
<Ambient r="1" g="1" b="1" a="1"/>
<Diffuse r="1" g="1" b="1" a="1"/>
<Specular r="0.69999998807907104" g="0.69999998807907104" b="0.69999998807907104" a="1"/>
<Emissive r="0.29999999999999999" g="0.29999999999999999" b="0.29999999999999999" a="1"/>
<Shininess>0.10000000149011612</Shininess>
</VisualProperties>
</Instance>
<Instance name="STD_M700005__PZ99_KA22x12_Default-2" uid="STD_M700005__PZ99_KA22x12_Default-2" entityUid="STD_M700005__PZ99_KA22x12_Default*:*Default">
<Transform>
<Rotation>0 0.8225499721323366 -0.56869283743079868 -1.124649796264821e-016 -0.56869283743079868 -0.82254997213233638 -1 0 0</Rotation>
<Translation>-0.015146194815044967 -0.08487248142830843 0.034035288524924968</Translation>
</Transform>
<VisualProperties>
<Ambient r="1" g="1" b="1" a="1"/>
<Diffuse r="1" g="1" b="1" a="1"/>
<Specular r="0.69999998807907104" g="0.69999998807907104" b="0.69999998807907104" a="1"/>
<Emissive r="0.29999999999999999" g="0.29999999999999999" b="0.29999999999999999" a="1"/>
<Shininess>0.10000000149011612</Shininess>
</VisualProperties>
</Instance>
<Instance name="STD_M700005__PZ99_KA22x12_Default-3" uid="STD_M700005__PZ99_KA22x12_Default-3" entityUid="STD_M700005__PZ99_KA22x12_Default*:*Default">
<Transform>
<Rotation>0 0.16029714258717542 -0.98706880513892603 1.124649796264821e-016 0.98706880513892592 0.16029714258717548 1 0 0</Rotation>
<Translation>-0.012146194815045131 -0.06187248142830841 -0.022664711475075018</Translation>
</Transform>
<VisualProperties>
<Ambient r="1" g="1" b="1" a="1"/>
<Diffuse r="1" g="1" b="1" a="1"/>
<Specular r="0.69999998807907104" g="0.69999998807907104" b="0.69999998807907104" a="1"/>
<Emissive r="0.29999999999999999" g="0.29999999999999999" b="0.29999999999999999" a="1"/>
<Shininess>0.10000000149011612</Shininess>
</VisualProperties>
</Instance>
<Instance name="STD_M700005__PZ99_KA22x12_Default-4" uid="STD_M700005__PZ99_KA22x12_Default-4" entityUid="STD_M700005__PZ99_KA22x12_Default*:*Default">
<Transform>
<Rotation>0 0.99023659174233292 0.13939688796572255 1.124649796264821e-016 -0.13939688796572255 0.99023659174233292 1 0 -1.0747676029474544e-016</Rotation>
<Translation>0.0058538051849550991 -0.10727248142830835 -0.022664711475075018</Translation>
</Transform>
<VisualProperties>
<Ambient r="1" g="1" b="1" a="1"/>
<Diffuse r="1" g="1" b="1" a="1"/>
<Specular r="0.69999998807907104" g="0.69999998807907104" b="0.69999998807907104" a="1"/>
<Emissive r="0.29999999999999999" g="0.29999999999999999" b="0.29999999999999999" a="1"/>
<Shininess>0.10000000149011612</Shininess>
</VisualProperties>
</Instance>
<Instance name="STD_M700004__PZ99_KA22x8_KA22 x 8-1" uid="STD_M700004__PZ99_KA22x8_KA22 x 8-1" entityUid="STD_M700004__PZ99_KA22x8_KA22 x 8*:*Default">
<Transform>
<Rotation>3.3643438566982113e-016 0.91524874446981408 0.40288923508382435 1.3306843060480994e-016 0.40288923508382424 -0.91524874446981397 -1 3.8130188066040226e-016 -1.0042186646127678e-016</Rotation>
<Translation>0.0058538051849550228 -0.10727248142830836 0.030535288524924965</Translation>
</Transform>
<VisualProperties>
<Ambient r="1" g="1" b="1" a="1"/>
<Diffuse r="1" g="1" b="1" a="1"/>
<Specular r="0.69999998807907104" g="0.69999998807907104" b="0.69999998807907104" a="1"/>
<Emissive r="0.29999999999999999" g="0.29999999999999999" b="0.29999999999999999" a="1"/>
<Shininess>0.10000000149011612</Shininess>
</VisualProperties>
</Instance>
<Instance name="STD_M700005__PZ99_KA22x12_Default-5" uid="STD_M700005__PZ99_KA22x12_Default-5" entityUid="STD_M700005__PZ99_KA22x12_Default*:*Default">
<Transform>
<Rotation>0 0.50008096862452933 0.86597865148025033 1.124649796264821e-016 -0.86597865148025033 0.50008096862452911 1 0 0</Rotation>
<Translation>0.01435380518495495 -0.074472481428308285 -0.022664711475075025</Translation>
</Transform>
<VisualProperties>
<Ambient r="1" g="1" b="1" a="1"/>
<Diffuse r="1" g="1" b="1" a="1"/>
<Specular r="0.69999998807907104" g="0.69999998807907104" b="0.69999998807907104" a="1"/>
<Emissive r="0.29999999999999999" g="0.29999999999999999" b="0.29999999999999999" a="1"/>
<Shininess>0.10000000149011612</Shininess>
</VisualProperties>
</Instance>
<Instance name="ALD_M010292__P_Motor_Ring_Default-1" uid="ALD_M010292__P_Motor_Ring_Default-1" entityUid="ALD_M010292__P_Motor_Ring_Default*:*Default">
<Transform>
<Rotation>0.56593371151507144 -0.82445074696477527 -2.1296616394483586e-016 0.82445074696477527 0.56593371151507144 -1.4108071585488374e-016 2.3683883315731227e-016 0 1</Rotation>
<Translation>0.012037367408829665 -0.03347774477901904 -0.011264711475075009</Translation>
</Transform>
<VisualProperties>
<Ambient r="1" g="1" b="1" a="1"/>
<Diffuse r="1" g="1" b="1" a="1"/>
<Specular r="0.69999998807907104" g="0.69999998807907104" b="0.69999998807907104" a="1"/>
<Emissive r="0.29999999999999999" g="0.29999999999999999" b="0.29999999999999999" a="1"/>
<Shininess>0.10000000149011612</Shininess>
</VisualProperties>
</Instance>
<Instance name="STD_M710004__P_vis_M2x5_ALD_M710004__PZ99_vis_M2x5-1" uid="STD_M710004__P_vis_M2x5_ALD_M710004__PZ99_vis_M2x5-1" entityUid="STD_M710004__P_vis_M2x5_ALD_M710004__PZ99_vis_M2x5*:*Default">
<Transform>
<Rotation>0 0.71128685689265414 0.70290184749491791 0 -0.70290184749491791 0.71128685689265414 1 0 0</Rotation>
<Translation>0.010484453138214512 -0.02768218982128464 -0.014664711475064649</Translation>
</Transform>
<VisualProperties>
<Ambient r="1" g="1" b="1" a="1"/>
<Diffuse r="1" g="1" b="1" a="1"/>
<Specular r="0.69999998807907104" g="0.69999998807907104" b="0.69999998807907104" a="1"/>
<Emissive r="0.29999999999999999" g="0.29999999999999999" b="0.29999999999999999" a="1"/>
<Shininess>0.10000000149011612</Shininess>
</VisualProperties>
</Instance>
<Instance name="STD_M710004__P_vis_M2x5_ALD_M710004__PZ99_vis_M2x5-2" uid="STD_M710004__P_vis_M2x5_ALD_M710004__PZ99_vis_M2x5-2" entityUid="STD_M710004__P_vis_M2x5_ALD_M710004__PZ99_vis_M2x5*:*Default">
<Transform>
<Rotation>0 0.94341808753569512 0.33160565753691762 0 -0.33160565753691762 0.94341808753569512 1 0 0</Rotation>
<Translation>0.017832922366564061 -0.035030659049634219 -0.014664711475075016</Translation>
</Transform>
<VisualProperties>
<Ambient r="1" g="1" b="1" a="1"/>
<Diffuse r="1" g="1" b="1" a="1"/>
<Specular r="0.69999998807907104" g="0.69999998807907104" b="0.69999998807907104" a="1"/>
<Emissive r="0.29999999999999999" g="0.29999999999999999" b="0.29999999999999999" a="1"/>
<Shininess>0.10000000149011612</Shininess>
</VisualProperties>
</Instance>
<Instance name="STD_M710004__P_vis_M2x5_ALD_M710004__PZ99_vis_M2x5-3" uid="STD_M710004__P_vis_M2x5_ALD_M710004__PZ99_vis_M2x5-3" entityUid="STD_M710004__P_vis_M2x5_ALD_M710004__PZ99_vis_M2x5*:*Default">
<Transform>
<Rotation>0 0.52524683726346655 -0.85094991623756877 1.0377087152970169e-016 0.85094991623756877 0.52524683726346655 1 0 0</Rotation>
<Translation>0.0062418124510952196 -0.031924830508403938 -0.014664711475075016</Translation>
</Transform>
<VisualProperties>
<Ambient r="1" g="1" b="1" a="1"/>
<Diffuse r="1" g="1" b="1" a="1"/>
<Specular r="0.69999998807907104" g="0.69999998807907104" b="0.69999998807907104" a="1"/>
<Emissive r="0.29999999999999999" g="0.29999999999999999" b="0.29999999999999999" a="1"/>
<Shininess>0.10000000149011612</Shininess>
</VisualProperties>
</Instance>
<Instance name="ALD_M840031-1" uid="ALD_M840031-1" grounded="true" entityUid="ALD_M840031*:*Default">
<Transform>
<Rotation>-0.70710678118655168 0 0.70710678118654369 -0.70710678118654358 0 -0.70710678118655157 0 -1 0</Rotation>
<Translation>0.012037367408829725 -0.03347774477901902 0.018735288524924985</Translation>
</Transform>
<VisualProperties>
<Ambient r="1" g="1" b="1" a="1"/>
<Diffuse r="1" g="1" b="1" a="1"/>
<Specular r="0.69999998807907104" g="0.69999998807907104" b="0.69999998807907104" a="1"/>
<Emissive r="0.29999999999999999" g="0.29999999999999999" b="0.29999999999999999" a="1"/>
<Shininess>0.10000000149011612</Shininess>
</VisualProperties>
</Instance>
<Instance name="ALD_M100018__P_axe_3x20_2-1" uid="ALD_M100018__P_axe_3x20_2-1" entityUid="ALD_M100018__P_axe_3x20_2*:*Default">
<Transform>
<Rotation>-0.8987213481849704 0.43852016865429277 0 -0.43852016865429261 -0.8987213481849704 0 0 -1.1331255127577627e-016 0.99999999999999989</Rotation>
<Translation>-0.0022449752222316998 -0.07458004890943834 -0.029564711475075021</Translation>
</Transform>
<VisualProperties>
<Ambient r="1" g="1" b="1" a="1"/>
<Diffuse r="1" g="1" b="1" a="1"/>
<Specular r="0.69999998807907104" g="0.69999998807907104" b="0.69999998807907104" a="1"/>
<Emissive r="0.29999999999999999" g="0.29999999999999999" b="0.29999999999999999" a="1"/>
<Shininess>0.10000000149011612</Shininess>
</VisualProperties>
</Instance>
<Instance name="ALD_M100021__P_axe_3x11_7-1" uid="ALD_M100021__P_axe_3x11_7-1" entityUid="ALD_M100021__P_axe_3x11_7*:*Default">
<Transform>
<Rotation>-0.97961339527104618 -0.20089200035226118 0 0.20089200035226118 -0.97961339527104629 -1.124649796264821e-016 0 -1.0456586588329065e-016 1</Rotation>
<Translation>0.0066022520236571087 -0.04735108326511752 -0.022764711475075007</Translation>
</Transform>
<VisualProperties>
<Ambient r="1" g="1" b="1" a="1"/>
<Diffuse r="1" g="1" b="1" a="1"/>
<Specular r="0.69999998807907104" g="0.69999998807907104" b="0.69999998807907104" a="1"/>
<Emissive r="0.29999999999999999" g="0.29999999999999999" b="0.29999999999999999" a="1"/>
<Shininess>0.10000000149011612</Shininess>
</VisualProperties>
</Instance>
<Instance name="ALD_M100017__P_axe_2x19_7-1" uid="ALD_M100017__P_axe_2x19_7-1" entityUid="ALD_M100017__P_axe_2x19_7*:*Default">
<Transform>
<Rotation>-0.6615971713867107 0.74985944203770849 0 -0.74985944203770849 -0.6615971713867107 -1.124649796264821e-016 0 0 1</Rotation>
<Translation>0.0012275818844175532 -0.060656549092902995 -0.029264711475075013</Translation>
</Transform>
<VisualProperties>
<Ambient r="1" g="1" b="1" a="1"/>
<Diffuse r="1" g="1" b="1" a="1"/>
<Specular r="0.69999998807907104" g="0.69999998807907104" b="0.69999998807907104" a="1"/>
<Emissive r="0.29999999999999999" g="0.29999999999999999" b="0.29999999999999999" a="1"/>
<Shininess>0.10000000149011612</Shininess>
</VisualProperties>
</Instance>
<Instance name="Coques-1" uid="Coques-1" entityUid="Coques" rigid="true">
<Transform>
<Rotation>1 0 0 0 1 0 0 0 1</Rotation>
<Translation>0 0 0</Translation>
</Transform>
<Instance name="ALD_M010156__P_Coque_Tibia_Exterieur_Gauche-1" uid="ALD_M010156__P_Coque_Tibia_Exterieur_Gauche-1" entityUid="ALD_M010156__P_Coque_Tibia_Exterieur_Gauche*:*Default">
<Transform>
<Rotation>-1.131971693129312e-016 0.084333938833630995 -0.99643754784773408 2.0034119692961545e-016 0.99643754784773408 0.084333938833630995 1 -1.900811278484491e-016 -1.2968947206120055e-016</Rotation>
<Translation>-0.0013015584475418712 -0.1108190209452726 0.0056352885249249685</Translation>
</Transform>
</Instance>
<Instance name="ALD_M010155__P_Coque_Tibia_Interieur_Gauche-1" uid="ALD_M010155__P_Coque_Tibia_Interieur_Gauche-1" entityUid="ALD_M010155__P_Coque_Tibia_Interieur_Gauche*:*Default">
<Transform>
<Rotation>0 0.084333938833629316 -0.9964375478477342 1.124649796264821e-016 0.9964375478477342 0.084333938833629316 1 -1.0971080382153249e-016 0</Rotation>
<Translation>-0.0013015584475412345 -0.11081902094530402 0.0052852885249244806</Translation>
</Transform>
</Instance>
<Instance name="ALD_M010158__P_Goutte_Tibia_Gauche_Default-1" uid="ALD_M010158__P_Goutte_Tibia_Gauche_Default-1" entityUid="ALD_M010158__P_Goutte_Tibia_Gauche_Default*:*Default">
<Transform>
<Rotation>-9.0872524736012879e-016 0.08433393883363248 -0.99643754784773397 2.0199947414168426e-015 0.99643754784773397 0.08433393883363248 1 -1.9361622273752695e-015 -1.0758420701137594e-015</Rotation>
<Translation>-0.0013015584475419423 -0.1108190209452726 0.0053352885249250423</Translation>
</Transform>
</Instance>
<Instance name="ALD_M010157__P_Coque_Tibia_Arr_Gauche-1" uid="ALD_M010157__P_Coque_Tibia_Arr_Gauche-1" entityUid="ALD_M010157__P_Coque_Tibia_Arr_Gauche*:*Default">
<Transform>
<Rotation>2.8274476343621423e-015 0.084333938833619851 -0.99643754784773508 1.2151445902905525e-014 0.99643754784773508 0.084333938833619851 1 -1.2346606754147149e-014 1.7925956919360177e-015</Rotation>
<Translation>-0.0009624011977674117 -0.11089010767325935 0.0052852885250105073</Translation>
</Transform>
</Instance>
<Instance name="STD_M700004__PZ99_KA22x8_KA22 x 8-1" uid="STD_M700004__PZ99_KA22x8_KA22 x 8-1" entityUid="STD_M700004__PZ99_KA22x8_KA22 x 8*:*Default">
<Transform>
<Rotation>-2.5202728935370595e-016 -0.52222550811423085 0.85280743352461097 -5.4710559485163038e-016 0.85280743352461097 0.52222550811423074 -1 -2.244758129287333e-016 -4.6571063560504232e-016</Rotation>
<Translation>0.039819009385867472 -0.0044077954986203594 0.0097352885249249888</Translation>
</Transform>
</Instance>
</Instance>
<Instance name="STD_M700005__PZ99_KA22x12_Default-6" uid="STD_M700005__PZ99_KA22x12_Default-6" entityUid="STD_M700005__PZ99_KA22x12_Default*:*Default">
<Transform>
<Rotation>0 -0.50008096862453921 -0.86597865148024455 1.124649796264821e-016 0.86597865148024455 -0.5000809686245391 1 0 0</Rotation>
<Translation>-0.015146194815045005 -0.084872481428308444 -0.022664711475075025</Translation>
</Transform>
<VisualProperties>
<Ambient r="1" g="1" b="1" a="1"/>
<Diffuse r="1" g="1" b="1" a="1"/>
<Specular r="0.69999998807907104" g="0.69999998807907104" b="0.69999998807907104" a="1"/>
<Emissive r="0.29999999999999999" g="0.29999999999999999" b="0.29999999999999999" a="1"/>
<Shininess>0.10000000149011612</Shininess>
</VisualProperties>
</Instance>
<Instance name="STD_M510002__P_palier_GSM_0405-04-1" uid="STD_M510002__P_palier_GSM_0405-04-1" entityUid="STD_M510002__P_palier_GSM_0405-04*:*Default">
<Transform>
<Rotation>0.4095519065668477 0.91228681664674949 0 -0.91228681664674949 0.40955190656684776 -1.1246497962648208e-016 -1.140297681206777e-016 0 0.99999999999999978</Rotation>
<Translation>0.0028538051849548701 -0.090272481428307932 -0.028764711475075019</Translation>
</Transform>
<VisualProperties>
<Ambient r="1" g="1" b="1" a="1"/>
<Diffuse r="1" g="1" b="1" a="1"/>
<Specular r="0.69999998807907104" g="0.69999998807907104" b="0.69999998807907104" a="1"/>
<Emissive r="0.29999999999999999" g="0.29999999999999999" b="0.29999999999999999" a="1"/>
<Shininess>0.10000000149011612</Shininess>
</VisualProperties>
</Instance>
<Instance name="ALD_E000030__P_carte_MRE-1" uid="ALD_E000030__P_carte_MRE-1" entityUid="ALD_E000030__P_carte_MRE*:*Default">
<Transform>
<Rotation>-6.1339822110539883e-015 1 0 1 6.1339822110539883e-015 1.2612640538946708e-016 1.2612640538946728e-016 0 -1</Rotation>
<Translation>-0.0071461948150403666 -0.10027248142830386 0.030935288524924977</Translation>
</Transform>
<VisualProperties>
<Ambient r="1" g="1" b="1" a="1"/>
<Diffuse r="1" g="1" b="1" a="1"/>
<Specular r="0.69999998807907104" g="0.69999998807907104" b="0.69999998807907104" a="1"/>
<Emissive r="0.29999999999999999" g="0.29999999999999999" b="0.29999999999999999" a="1"/>
<Shininess>0.10000000149011612</Shininess>
</VisualProperties>
</Instance>
<Instance name="Barre-1" uid="Barre-1" entityUid="Barre*:*Défaut">
<Transform>
<Rotation>0.97814760073380513 1.1432939964367625e-016 -0.20791169081776248 0.2079116908177624 0 0.97814760073380491 1.0710771887061922e-016 -0.99999999999999989 0</Rotation>
<Translation>-5.6958486494087385e-005 0.023421584981964991 0.0052352885249249926</Translation>
</Transform>
</Instance>
<Instance name="Rotor_moteur_tangage-1" uid="Rotor_moteur_tangage-1" entityUid="Rotor_moteur_tangage" rigid="true">
<Transform>
<Rotation>0.95589782901043008 -0.29369940499283725 0 0.29369940499283731 0.95589782901043008 -2.1957978315709466e-016 0 2.2705360547790323e-016 1</Rotation>
<Translation>-0.0093015196863715233 -0.0050118088702429814 -0.0034999999999999892</Translation>
</Transform>
<Instance name="ALD6667-1" uid="ALD6667-1" entityUid="ALD6667*:*Default">
<Transform>
<Rotation>-0.19186739865384525 0 0.98142085841590221 -0.98142085841590221 1.09575831947847e-016 -0.19186739865384525 -1.147709415383397e-016 -1 0</Rotation>
<Translation>0.012037367408829731 -0.033477744779019027 -0.012664711475075011</Translation>
</Transform>
</Instance>
<Instance name="ALD_M010053__P_support_aimant-1" uid="ALD_M010053__P_support_aimant-1" entityUid="ALD_M010053__P_support_aimant*:*Default">
<Transform>
<Rotation>0.9993198150838144 3.0518959838489226e-015 -0.03687691935141673 -0.03687691935141673 -3.601941947115842e-016 -0.9993198150838144 -3.0631029825041686e-015 1 -2.4740467398813441e-016</Rotation>
<Translation>0.012037367408829262 -0.033477744779019436 0.02048528852492492</Translation>
</Transform>
</Instance>
<Instance name="ALD_M840031__P_Portescap_22NT_82_213P_Z20_Rotor-1" uid="ALD_M840031__P_Portescap_22NT_82_213P_Z20_Rotor-1" entityUid="ALD_M840031__P_Portescap_22NT_82_213P_Z20_Rotor*:*Default">
<Transform>
<Rotation>0.99534570825078983 0 -0.096368672641755151 0.096368672641754957 -1.0598600958895343e-016 0.99534570825078983 0 -1 0</Rotation>
<Translation>0.012037367408829724 -0.033477744779018999 0.017234700996564593</Translation>
</Transform>
</Instance>
</Instance>
</Instance>
<Instance name="Cheville-1" uid="Cheville-1" entityUid="Cheville" rigid="true">
<Transform>
<Rotation>0 1.5265566588595856e-016 -1 -2.7755575615628904e-016 1 1.5265566588595853e-016 1 2.7755575615628904e-016 0</Rotation>
<Translation>0.061009678251195569 0.0026513231534703052 -0.00010751598813871754</Translation>
</Transform>
<Instance name="ALD_M010035__P_couvercle_X_AR_Axx-1" uid="ALD_M010035__P_couvercle_X_AR_Axx-1" grounded="true" entityUid="ALD_M010035__P_couvercle_X_AR_Axx*:*Default">
<Transform>
<Rotation>-1 -1.110223024625157e-016 0 -1.110223024625157e-016 1 0 0 0 -1</Rotation>
<Translation>0 0 0.04270000000000003</Translation>
</Transform>
<VisualProperties>
<Ambient r="1" g="1" b="1" a="1"/>
<Diffuse r="1" g="1" b="1" a="1"/>
<Specular r="0.69999998807907104" g="0.69999998807907104" b="0.69999998807907104" a="1"/>
<Emissive r="0.29999999999999999" g="0.29999999999999999" b="0.29999999999999999" a="1"/>
<Shininess>0.10000000149011612</Shininess>
</VisualProperties>
</Instance>
<Instance name="ALD_M010030__P_cage_fut_moteur_cheville_gauche_Axx-1" uid="ALD_M010030__P_cage_fut_moteur_cheville_gauche_Axx-1" grounded="true" entityUid="ALD_M010030__P_cage_fut_moteur_cheville_gauche_Axx*:*Default">
<Transform>
<Rotation>1 0 0 0 1 0 0 0 1</Rotation>
<Translation>0 0 0</Translation>
</Transform>
<VisualProperties>
<Ambient r="1" g="1" b="1" a="1"/>
<Diffuse r="1" g="1" b="1" a="1"/>
<Specular r="0.69999998807907104" g="0.69999998807907104" b="0.69999998807907104" a="1"/>
<Emissive r="0.29999999999999999" g="0.29999999999999999" b="0.29999999999999999" a="1"/>
<Shininess>0.10000000149011612</Shininess>
</VisualProperties>
</Instance>
<Instance name="ALD_M010033__P_couvercle_X_AV_cheville_A02-1" uid="ALD_M010033__P_couvercle_X_AV_cheville_A02-1" grounded="true" entityUid="ALD_M010033__P_couvercle_X_AV_cheville_A02*:*Default">
<Transform>
<Rotation>0 -3.8857805861880479e-016 -1 0 1 -3.8857805861880479e-016 1 0 0</Rotation>
<Translation>-0.014100000000000005 0 0.081000000000000044</Translation>
</Transform>
<VisualProperties>
<Ambient r="1" g="1" b="1" a="1"/>
<Diffuse r="1" g="1" b="1" a="1"/>
<Specular r="0.69999998807907104" g="0.69999998807907104" b="0.69999998807907104" a="1"/>
<Emissive r="0.29999999999999999" g="0.29999999999999999" b="0.29999999999999999" a="1"/>
<Shininess>0.10000000149011612</Shininess>
</VisualProperties>
</Instance>
<Instance name="ALD_M010055__P_cache_fut_moteur_cheville_A-1" uid="ALD_M010055__P_cache_fut_moteur_cheville_A-1" grounded="true" entityUid="ALD_M010055__P_cache_fut_moteur_cheville_A*:*Default">
<Transform>
<Rotation>0 -2.7755575615628904e-016 1 1.5265566588595856e-016 1 2.7755575615628904e-016 -1 1.5265566588595853e-016 0</Rotation>
<Translation>0.014100000000006899 -1.2101430968414206e-014 -1.0755285551056204e-013</Translation>
</Transform>
<VisualProperties>
<Ambient r="1" g="1" b="1" a="1"/>
<Diffuse r="1" g="1" b="1" a="1"/>
<Specular r="0.69999998807907104" g="0.69999998807907104" b="0.69999998807907104" a="1"/>
<Emissive r="0.29999999999999999" g="0.29999999999999999" b="0.29999999999999999" a="1"/>
<Shininess>0.10000000149011612</Shininess>
</VisualProperties>
</Instance>
<Instance name="ALD_M010292__P_Motor_Ring_Default-1" uid="ALD_M010292__P_Motor_Ring_Default-1" entityUid="ALD_M010292__P_Motor_Ring_Default*:*Default">
<Transform>
<Rotation>0.93068643951909913 -0.36581792095967935 0 0.36581792095967935 0.93068643951909913 0 0 0 1</Rotation>
<Translation>0 -0.00059999999999999117 0.05404102289708676</Translation>
</Transform>
<VisualProperties>
<Ambient r="1" g="1" b="1" a="1"/>
<Diffuse r="1" g="1" b="1" a="1"/>
<Specular r="0.69999998807907104" g="0.69999998807907104" b="0.69999998807907104" a="1"/>
<Emissive r="0.29999999999999999" g="0.29999999999999999" b="0.29999999999999999" a="1"/>
<Shininess>0.10000000149011612</Shininess>
</VisualProperties>
</Instance>
<Instance name="STD_M700004__PZ99_KA22x8_KA22 x 8-1" uid="STD_M700004__PZ99_KA22x8_KA22 x 8-1" grounded="true" entityUid="STD_M700004__PZ99_KA22x8_KA22 x 8*:*Default">
<Transform>
<Rotation>-5.5225543378095102e-016 0.64443507355717156 0.76465903249053624 0 0.76465903249053624 -0.64443507355717156 -1 -3.958904812895964e-016 -3.8857805861880459e-016</Rotation>
<Translation>0.011349999999999964 0.024800000000000006 0.098900000000000071</Translation>
</Transform>
<VisualProperties>
<Ambient r="1" g="1" b="1" a="1"/>
<Diffuse r="1" g="1" b="1" a="1"/>
<Specular r="0.69999998807907104" g="0.69999998807907104" b="0.69999998807907104" a="1"/>
<Emissive r="0.29999999999999999" g="0.29999999999999999" b="0.29999999999999999" a="1"/>
<Shininess>0.10000000149011612</Shininess>
</VisualProperties>
</Instance>
<Instance name="STD_M700004__PZ99_KA22x8_KA22 x 8-2" uid="STD_M700004__PZ99_KA22x8_KA22 x 8-2" grounded="true" entityUid="STD_M700004__PZ99_KA22x8_KA22 x 8*:*Default">
<Transform>
<Rotation>-5.6666596046227785e-016 -0.94169736028109807 0.33646111460258216 -6.2280630838559313e-016 0.33646111460258216 0.94169736028109807 -1 3.240777344275438e-016 -7.7715611723760918e-016</Rotation>
<Translation>0.011349999999999992 -0.011200000000000015 0.098900000000000057</Translation>
</Transform>
<VisualProperties>
<Ambient r="1" g="1" b="1" a="1"/>
<Diffuse r="1" g="1" b="1" a="1"/>
<Specular r="0.69999998807907104" g="0.69999998807907104" b="0.69999998807907104" a="1"/>
<Emissive r="0.29999999999999999" g="0.29999999999999999" b="0.29999999999999999" a="1"/>
<Shininess>0.10000000149011612</Shininess>
</VisualProperties>
</Instance>
<Instance name="STD_M700004__PZ99_KA22x8_KA22 x 8-3" uid="STD_M700004__PZ99_KA22x8_KA22 x 8-3" grounded="true" entityUid="STD_M700004__PZ99_KA22x8_KA22 x 8*:*Default">
<Transform>
<Rotation>-6.7778974081451324e-016 0.12212931312733231 0.99251419681284458 -1.6752663812898042e-016 0.99251419681284458 -0.12212931312733231 -1 -2.4905056217777016e-016 -6.5225602696727907e-016</Rotation>
<Translation>0 -0.014200000000000032 0.098900000000000057</Translation>
</Transform>
<VisualProperties>
<Ambient r="1" g="1" b="1" a="1"/>
<Diffuse r="1" g="1" b="1" a="1"/>
<Specular r="0.69999998807907104" g="0.69999998807907104" b="0.69999998807907104" a="1"/>
<Emissive r="0.29999999999999999" g="0.29999999999999999" b="0.29999999999999999" a="1"/>
<Shininess>0.10000000149011612</Shininess>
</VisualProperties>
</Instance>
<Instance name="STD_M700004__PZ99_KA22x8_KA22 x 8-4" uid="STD_M700004__PZ99_KA22x8_KA22 x 8-4" grounded="true" entityUid="STD_M700004__PZ99_KA22x8_KA22 x 8*:*Default">
<Transform>
<Rotation>-5.8775160687499649e-016 -0.93596269053268388 0.35209919331179862 -6.6853135082163541e-016 0.35209919331179862 0.93596269053268388 -1 3.147242260076851e-016 -8.3266726846886711e-016</Rotation>
<Translation>-0.011350000000000008 -0.011200000000000015 0.098900000000000057</Translation>
</Transform>
<VisualProperties>
<Ambient r="1" g="1" b="1" a="1"/>
<Diffuse r="1" g="1" b="1" a="1"/>
<Specular r="0.69999998807907104" g="0.69999998807907104" b="0.69999998807907104" a="1"/>
<Emissive r="0.29999999999999999" g="0.29999999999999999" b="0.29999999999999999" a="1"/>
<Shininess>0.10000000149011612</Shininess>
</VisualProperties>
</Instance>
<Instance name="STD_M700002__P_KA22x14-1" uid="STD_M700002__P_KA22x14-1" grounded="true" entityUid="STD_M700002__P_KA22x14*:*Default">
<Transform>
<Rotation>0 -3.7973813418553264e-016 -1 0 1 -3.7973813418553264e-016 1 0 0</Rotation>
<Translation>0.011099999999999983 0.0089612955438671815 0.030200000000007651</Translation>
</Transform>
<VisualProperties>
<Ambient r="1" g="1" b="1" a="1"/>
<Diffuse r="1" g="1" b="1" a="1"/>
<Specular r="0.69999998807907104" g="0.69999998807907104" b="0.69999998807907104" a="1"/>
<Emissive r="0.29999999999999999" g="0.29999999999999999" b="0.29999999999999999" a="1"/>
<Shininess>0.10000000149011612</Shininess>
</VisualProperties>
</Instance>
<Instance name="STD_M700004__PZ99_KA22x8_KA22 x 8-5" uid="STD_M700004__PZ99_KA22x8_KA22 x 8-5" grounded="true" entityUid="STD_M700004__PZ99_KA22x8_KA22 x 8*:*Default">
<Transform>
<Rotation>-5.6686674075921046e-016 -0.81185979013844611 0.5838524481034213 0 -0.5838524481034213 -0.81185979013844611 1 -4.5870582090935869e-016 3.3306690738754711e-016</Rotation>
<Translation>0.011349999999999987 -0.011199999999999991 0.034700000000000036</Translation>
</Transform>
<VisualProperties>
<Ambient r="1" g="1" b="1" a="1"/>
<Diffuse r="1" g="1" b="1" a="1"/>
<Specular r="0.69999998807907104" g="0.69999998807907104" b="0.69999998807907104" a="1"/>
<Emissive r="0.29999999999999999" g="0.29999999999999999" b="0.29999999999999999" a="1"/>
<Shininess>0.10000000149011612</Shininess>
</VisualProperties>
</Instance>
<Instance name="STD_M700004__PZ99_KA22x8_KA22 x 8-6" uid="STD_M700004__PZ99_KA22x8_KA22 x 8-6" grounded="true" entityUid="STD_M700004__PZ99_KA22x8_KA22 x 8*:*Default">
<Transform>
<Rotation>-5.9206338464744384e-016 0.17938467595001772 0.98377900873839907 -3.8908840422892901e-016 -0.98377900873839907 0.17938467595001772 1 -2.7656990622708891e-016 6.5225602696727976e-016</Rotation>
<Translation>-0.011350000000000011 -0.011199999999999991 0.034700000000000022</Translation>
</Transform>
<VisualProperties>
<Ambient r="1" g="1" b="1" a="1"/>
<Diffuse r="1" g="1" b="1" a="1"/>
<Specular r="0.69999998807907104" g="0.69999998807907104" b="0.69999998807907104" a="1"/>
<Emissive r="0.29999999999999999" g="0.29999999999999999" b="0.29999999999999999" a="1"/>
<Shininess>0.10000000149011612</Shininess>
</VisualProperties>
</Instance>
<Instance name="STD_M700002__P_KA22x14-2" uid="STD_M700002__P_KA22x14-2" grounded="true" entityUid="STD_M700002__P_KA22x14*:*Default">
<Transform>
<Rotation>0 0.094916964802958151 0.99548519315587713 0 -0.99548519315587713 0.094916964802958151 1 0 0</Rotation>
<Translation>-0.0111 0.0089612955438669872 0.030200000000007669</Translation>
</Transform>
<VisualProperties>
<Ambient r="1" g="1" b="1" a="1"/>
<Diffuse r="1" g="1" b="1" a="1"/>
<Specular r="0.69999998807907104" g="0.69999998807907104" b="0.69999998807907104" a="1"/>
<Emissive r="0.29999999999999999" g="0.29999999999999999" b="0.29999999999999999" a="1"/>
<Shininess>0.10000000149011612</Shininess>
</VisualProperties>
</Instance>
<Instance name="STD_M700004__PZ99_KA22x8_KA22 x 8-7" uid="STD_M700004__PZ99_KA22x8_KA22 x 8-7" grounded="true" entityUid="STD_M700004__PZ99_KA22x8_KA22 x 8*:*Default">
<Transform>
<Rotation>-6.7878562986914713e-016 -0.37021324071463546 0.9289467995528955 -2.0378586673785459e-016 -0.9289467995528955 -0.37021324071463546 1 -4.4060165648462493e-016 5.5511151231257857e-016</Rotation>
<Translation>0 -0.01419999999999999 0.034700000000000009</Translation>
</Transform>
<VisualProperties>
<Ambient r="1" g="1" b="1" a="1"/>
<Diffuse r="1" g="1" b="1" a="1"/>
<Specular r="0.69999998807907104" g="0.69999998807907104" b="0.69999998807907104" a="1"/>
<Emissive r="0.29999999999999999" g="0.29999999999999999" b="0.29999999999999999" a="1"/>
<Shininess>0.10000000149011612</Shininess>
</VisualProperties>
</Instance>
