<?xml version="1.0" encoding="UTF-8" standalone="no" ?>
<SimMechanicsImportXML version="1.0" xmlns="urn:mathworks:simmechanics:import" xmlns:xsi="http://www.w3.org/2001/XMLSchema-instance">
<Created by="" on="01/20/15||22:54:32" using="SimMechanics Link Version 4.5" from="SolidWorks 22.2.0"/>
<ModelUnits mass="kilogram" length="millimeter"/>
<DataUnits mass="kilogram" length="meter"/>
<RootAssembly name="Ericc3" uid="Ericc3" version="121">
<AssemblyFile name="Ericc3.SLDASM" type="SolidWorks Assembly"/>
<InstanceTree>
<Instance name="s-e-socle-1" uid="s-e-socle-1" grounded="true" entityUid="s-e-socle*:*Défaut">
<Transform>
<Rotation>1 0 0 0 1 0 0 0 1</Rotation>
<Translation>-0.078221213000981588 0.10804822571280048 0.24924999999999997</Translation>
</Transform>
</Instance>
<Instance name="s-e chaise-1" uid="s-e chaise-1" entityUid="s-e chaise*:*Défaut">
<Transform>
<Rotation>-0.91985218357205267 1.8773743211975525e-016 0.39226516589894517 2.187215553365502e-016 1 0 -0.39226516589894517 1.1734630669293374e-016 -0.91985218357205267</Rotation>
<Translation>-0.078221213000981588 0.10404822571280048 0.24924999999999997</Translation>
</Transform>
</Instance>
<Instance name="SE_BRAS-1" uid="SE_BRAS-1" entityUid="SE_BRAS*:*Défaut">
<Transform>
<Rotation>-0.31732932411218334 -0.23059501390149834 -0.91985218357205234 -0.58785493576277492 0.80896636178480497 7.8062556418956319e-016 0.7441294743240916 0.54073964628499716 -0.39226516589894556</Rotation>
<Translation>-0.016151858361271636 0.40433620659893271 0.27678763331330963</Translation>
</Transform>
</Instance>
<Instance name="se_Avant-Bras-1" uid="se_Avant-Bras-1" entityUid="se_Avant-Bras*:*Défaut">
<Transform>
<Rotation>-0.38298438711361993 -0.084822871944610037 -0.91985218357205267 -0.21623860418557161 0.97634054820020466 -6.4098032437343022e-016 0.89808898517189306 0.19890755223267034 -0.39226516589894483</Rotation>
<Translation>0.066662042787102166 0.57229931636772169 0.06984458850987646</Translation>
</Transform>
</Instance>
<Instance name="Support-1" uid="Support-1" entityUid="Support*:*Défaut">
<Transform>
<Rotation>-0.91985218357205023 -0.37606543743216314 0.11156499068564055 -4.3576253716537394e-014 0.28441217927165779 0.95870209777696125 -0.39226516589895066 0.88186421803523796 -0.26161716413753622</Rotation>
<Translation>0.15630195865496097 0.62460137288848805 -0.28885530273292193</Translation>
</Transform>
</Instance>
</InstanceTree>
<Constraints>
<Concentric name="Coaxiale1">
<ConstraintGeometry geomType="cylinder">
<InstancePath>
<Uid>s-e-socle-1</Uid>
</InstancePath>
<Position>0 0.0082499999999999934 0</Position>
<Axis>0 1 0</Axis>
</ConstraintGeometry>
<ConstraintGeometry geomType="cone">
<InstancePath>
<Uid>s-e chaise-1</Uid>
</InstancePath>
<Position>0 0.018999999999999961 0</Position>
<Axis>0 1 0</Axis>
</ConstraintGeometry>
</Concentric>
<Concentric name="Coaxiale2">
<ConstraintGeometry geomType="cylinder">
<InstancePath>
<Uid>se_Avant-Bras-1</Uid>
</InstancePath>
<Position>-0.31749999999999995 1.1102230246251565e-016 0.1040002625000002</Position>
<Axis>-1.1102230246251565e-016 0 -1</Axis>
</ConstraintGeometry>
<ConstraintGeometry geomType="cylinder">
<InstancePath>
<Uid>Support-1</Uid>
</InstancePath>
<Position>-0.056249999999999994 0.057499999999999954 0</Position>
<Axis>1 0 0</Axis>
</ConstraintGeometry>
</Concentric>
<Coincident name="Coïncidente1">
<ConstraintGeometry geomType="plane">
<InstancePath>
<Uid>se_Avant-Bras-1</Uid>
</InstancePath>
<Position>-0.31749999999999995 2.2204460492503131e-016 0.0050000000000000461</Position>
<Axis>0 0 -1</Axis>
</ConstraintGeometry>
<ConstraintGeometry geomType="plane">
<InstancePath>
<Uid>Support-1</Uid>
</InstancePath>
<Position>-0.053249999999999992 0.082499999999999962 0.040000000000000036</Position>
<Axis>1 0 0</Axis>
</ConstraintGeometry>
</Coincident>
<Concentric name="Coaxiale3">
<ConstraintGeometry geomType="cylinder">
<InstancePath>
<Uid>SE_BRAS-1</Uid>
</InstancePath>
<Position>-0.2790096415267595 0.0048777242890234995 -0.022637500000000088</Position>
<Axis>0 1.1102230246251565e-016 1.0000000000000002</Axis>
</ConstraintGeometry>
<ConstraintGeometry geomType="cylinder">
<InstancePath>
<Uid>se_Avant-Bras-1</Uid>
</InstancePath>
<Position>0 0 0.087682971619365613</Position>
<Axis>0 0 1</Axis>
</ConstraintGeometry>
</Concentric>
<Coincident name="Coïncidente2">
<ConstraintGeometry geomType="plane">
<InstancePath>
<Uid>SE_BRAS-1</Uid>
</InstancePath>
<Position>-0.50202246029524233 0 0.10900000000000001</Position>
<Axis>0 0 -1</Axis>
</ConstraintGeometry>
<ConstraintGeometry geomType="plane">
<InstancePath>
<Uid>se_Avant-Bras-1</Uid>
</InstancePath>
<Position>0 0 0.104</Position>
<Axis>1.1102230246251565e-016 0 1</Axis>
</ConstraintGeometry>
</Coincident>
<Coincident name="Coïncidente3">
<ConstraintGeometry geomType="plane">
<InstancePath>
<Uid>s-e-socle-1</Uid>
</InstancePath>
<Position>0.024212454641551515 0.0080000000000000071 0</Position>
<Axis>0 1 0</Axis>
</ConstraintGeometry>
<ConstraintGeometry geomType="plane">
<InstancePath>
<Uid>s-e chaise-1</Uid>
</InstancePath>
<Position>0.013999999999999999 0.012000000000000011 0</Position>
<Axis>-2.9904657006978419e-016 -1 0</Axis>
</ConstraintGeometry>
</Coincident>
<Concentric name="Coaxiale5">
<ConstraintGeometry geomType="cylinder">
<InstancePath>
<Uid>s-e chaise-1</Uid>
</InstancePath>
<Position>-0.13289668569835505 0.29999999999999999 0.00022649408848474106</Position>
<Axis>1 -1.1993160761532665e-016 1.1102230246251565e-016</Axis>
</ConstraintGeometry>
<ConstraintGeometry geomType="cylinder">
<InstancePath>
<Uid>SE_BRAS-1</Uid>
</InstancePath>
<Position>-0.00080907335907326461 -0.0009439189189189845 -0.039336060100166992</Position>
<Axis>-1.6653345369377348e-016 0 1</Axis>
</ConstraintGeometry>
</Concentric>
<Coincident name="Coïncidente4">
<ConstraintGeometry geomType="plane">
<InstancePath>
<Uid>s-e chaise-1</Uid>
</InstancePath>
<Position>-0.14189668569835506 0.32599999999999996 -0.60623170997046572</Position>
<Axis>-1 3.8681214238098922e-016 -1.1102230246251565e-016</Axis>
</ConstraintGeometry>
<ConstraintGeometry geomType="plane">
<InstancePath>
<Uid>SE_BRAS-1</Uid>
</InstancePath>
<Position>-0.020973613636305233 0.0040552750569027296 -0.074000000000000038</Position>
<Axis>1.6653345369377348e-016 0 -1</Axis>
</ConstraintGeometry>
</Coincident>
</Constraints>
</RootAssembly>
<Assemblies>
</Assemblies>
<Parts>
<Part name="SE_BRAS" uid="SE_BRAS*:*Défaut" version="172">
<ModelUnits mass="kilogram" length="millimeter"/>
<PartFile name="SE_BRAS.SLDPRT" type="SolidWorks Part"/>
<MassProperties>
<Mass>17.671119531314027</Mass>
<CenterOfMass>0.063371492413276359 0.012271788935639986 0.034699037747269346</CenterOfMass>
<Inertia>0.049950227785958576 0.31497278927595951 0.30180995113812897 -0.001776287689811849 -0.018350566323501072 -0.0020023732110055819</Inertia>
</MassProperties>
<GeometryFile name="SE_BRAS_Défaut_sldprt.STL" type="STL"/>
<VisualProperties>
<Ambient r="0.792156862745098" g="0.81960784313725488" b="0.93333333333333335" a="1"/>
<Diffuse r="0.792156862745098" g="0.81960784313725488" b="0.93333333333333335" a="1"/>
<Specular r="0.396078431372549" g="0.40980392156862744" b="0.46666666666666667" a="1"/>
<Emissive r="0" g="0" b="0" a="1"/>
<Shininess>0.40000000596046448</Shininess>
</VisualProperties>
</Part>
<Part name="Support" uid="Support*:*Défaut" version="115">
<ModelUnits mass="kilogram" length="millimeter"/>
<PartFile name="Support.SLDPRT" type="SolidWorks Part"/>
<MassProperties>
<Mass>0.14568851232938357</Mass>
<CenterOfMass>0 0.021959227246126405 0</CenterOfMass>
<Inertia>0.0001540143419608311 0.00039075795656094448 0.0003981124618962328 0 0 0</Inertia>
</MassProperties>
<GeometryFile name="Support_Défaut_sldprt.STL" type="STL"/>
<VisualProperties>
<Ambient r="0" g="0" b="0" a="1"/>
<Diffuse r="0" g="0" b="0" a="1"/>
<Specular r="0" g="0" b="0" a="1"/>
<Emissive r="0" g="0" b="0" a="1"/>
<Shininess>0.31</Shininess>
</VisualProperties>
</Part>
<Part name="s-e chaise" uid="s-e chaise*:*Défaut" version="173">
<ModelUnits mass="kilogram" length="millimeter"/>
<PartFile name="s-e chaise.SLDPRT" type="SolidWorks Part"/>
<MassProperties>
<Mass>8.5526065401224098</Mass>
<CenterOfMass>-0.067603472837783923 0.075180565356049875 -0.0032959149484050486</CenterOfMass>
<Inertia>0.14594275939357396 0.060936114782742995 0.16310276406970808 0.0049916635076600454 -0.0011483810012557236 0.029515990809702051</Inertia>
</MassProperties>
<GeometryFile name="s-e chaise_Défaut_sldprt.STL" type="STL"/>
<VisualProperties>
<Ambient r="0.792156862745098" g="0.81960784313725488" b="0.93333333333333335" a="1"/>
<Diffuse r="0.792156862745098" g="0.81960784313725488" b="0.93333333333333335" a="1"/>
<Specular r="0.396078431372549" g="0.40980392156862744" b="0.46666666666666667" a="1"/>
<Emissive r="0" g="0" b="0" a="1"/>
<Shininess>0.40000000596046448</Shininess>
</VisualProperties>
</Part>
<Part name="s-e-socle" uid="s-e-socle*:*Défaut" version="126">
<ModelUnits mass="kilogram" length="millimeter"/>
<PartFile name="s-e-socle.SLDPRT" type="SolidWorks Part"/>
<MassProperties>
<Mass>3.2388206531496926</Mass>
<CenterOfMass>-0.0044134971783945758 -0.10763285706530916 3.8224943004707777e-014</CenterOfMass>
<Inertia>0.02444104329700756 0.013129513548663655 0.023436346530056877 5.8953595143429889e-014 -8.7578372173199303e-015 -0.00078674885782286871</Inertia>
</MassProperties>
<GeometryFile name="s-e-socle_Défaut_sldprt.STL" type="STL"/>
<VisualProperties>
<Ambient r="0.792156862745098" g="0.81960784313725488" b="0.93333333333333335" a="1"/>
<Diffuse r="0.792156862745098" g="0.81960784313725488" b="0.93333333333333335" a="1"/>
<Specular r="0.396078431372549" g="0.40980392156862744" b="0.46666666666666667" a="1"/>
<Emissive r="0" g="0" b="0" a="1"/>
<Shininess>0.40000000596046448</Shininess>
</VisualProperties>
</Part>
<Part name="se_Avant-Bras" uid="se_Avant-Bras*:*Défaut" version="110">
<ModelUnits mass="kilogram" length="millimeter"/>
<PartFile name="se_Avant-Bras.SLDPRT" type="SolidWorks Part"/>
<MassProperties>
<Mass>2.142611410133294</Mass>
<CenterOfMass>-0.14503128236554486 0.0014062643595323593 0.026293981848068401</CenterOfMass>
<Inertia>0.0033724209353711088 0.030549381628147968 0.029713932921916927 -3.6516949441836153e-005 -0.0008738429233707683 -0.00038526878774365646</Inertia>
</MassProperties>
<GeometryFile name="se_Avant-Bras_Défaut_sldprt.STL" type="STL"/>
<VisualProperties>
<Ambient r="0.792156862745098" g="0.81960784313725488" b="0.93333333333333335" a="1"/>
<Diffuse r="0.792156862745098" g="0.81960784313725488" b="0.93333333333333335" a="1"/>
<Specular r="0.396078431372549" g="0.40980392156862744" b="0.46666666666666667" a="1"/>
<Emissive r="0" g="0" b="0" a="1"/>
<Shininess>0.40000000596046448</Shininess>
</VisualProperties>
</Part>
</Parts>
</SimMechanicsImportXML>
